Run1
cmline4=arbraxbxsr: 13.00000, 26.58350, 12.85313, 26.43056, 0.00000Molecule: 
Run2
cmline4=arbraxbxsr: 13.00000, 26.58350, 12.54772, 26.11253, 0.00000Molecule: 
Run3
cmline4=arbraxbxsr: 13.00000, 26.58350, 16.54772, 26.11253, -4.0000Molecule: 
Run4
cmline4=arbraxbxsr: 13.00000, 26.58350, 16.54875, 26.11253, -4.0000Molecule: 
Run5
cmline4=arbraxbxsr: 13.00000, 26.58350, 10.54875, 26.11253, 2.00000Molecule: 
Run6
cmline4=arbraxbxsr: 13.00000, 26.58350, 10.54875, 26.11253, 2.00000Molecule: 
Run7
cmline4=arbraxbxsr: 13.00000, 26.58350, 10.54875, 26.11253, 2.00000Molecule: 
Run8
cmline4=arbraxbxsr: 6.50000, 18.00763, 4.50000, 18.00763, 2.00000
Run9
cmline4=arbraxbxsr: 6.50000, 18.00763, 4.50000, 18.00763, 2.00000
Run10
cmline4=arbraxbxsr: 6.50000, 18.00763, 6.50000, 18.00763, 0.00000
Run11
cmline4=arbraxbxsr: 6.50000, 18.00763, 6.71975, 18.23695, 0.00000
Run12
cmline4=arbraxbxsr: 6.50000, 18.00763, 6.93760, 18.46428, 0.00000
Run13
cmline4=arbraxbxsr: 6.50000, 18.00763, 7.04576, 18.57716, 0.00000
Run14
cmline4=arbraxbxsr: 6.50000, 18.00763, 7.04576, 18.57716, 0.00000
Run15
cmline4=arbraxbxsr: 6.50000, 18.00763, 7.04576, 18.57716, 0.00000
Run16
cmline4=arbraxbxsr: 6.50000, 18.00763, 7.04576, 18.57716, 0.00000
Run17
cmline4=arbraxbxsr: 6.50000, 18.00763, 7.04576, 18.57716, 0.00000
Run18
cmline4=arbraxbxsr: 6.50000, 18.00763, 7.04576, 18.57716, 0.00000
Run19
cmline4=arbraxbxsr: 6.50000, 18.00763, 7.04576, 18.57716, 0.00000
Run20
cmline4=arbraxbxsr: 6.50000, 18.00759, 7.04665, 18.57712, 0.00000
Run21
cmline4=arbraxbxsr: 6.50000, 18.00759, 7.04704, 18.57712, 0.00000
Run22
cmline4=arbraxbxsr: 6.50000, 18.00759, 7.15462, 18.68912, 0.00000
Run23
cmline4=arbraxbxsr: 6.50000, 18.00759, 6.15462, 18.68912, 1.00000
Run24
cmline4=arbraxbxsr: 6.50000, 18.00759, 6.15462, 18.68912, 1.00000
Run25
cmline4=arbraxbxsr: 6.50000, 18.00759, 6.15462, 18.68912, 1.00000
Run26
cmline4=arbraxbxsr: 6.50000, 18.00759, 6.15462, 18.68912, 1.00000
Run27
cmline4=arbraxbxsr: 6.50000, 18.00759, 0.43386, 12.73320, 1.00000
Run28
cmline4=arbraxbxsr: 6.50000, 18.00759, 6.15462, 18.68912, 1.00000
Run29
cmline4=arbraxbxsr: 6.50000, 18.00759, 6.15542, 18.68912, 1.00000
Run30
cmline4=arbraxbxsr: 6.50000, 18.00759, 6.15542, 18.68912, 1.00000
Run31
cmline4=arbraxbxsr: 6.50000, 18.00759, 6.15542, 18.68912, 1.00000
Run32
cmline4=arbraxbxsr: 6.50000, 18.00759, 6.15281, 18.68912, 1.00000
Run33
cmline4=arbraxbxsr: 6.50000, 18.00759, 6.15281, 18.68912, 1.00000
Run34
cmline4=arbraxbxsr: 6.50000, 18.00759, 6.15281, 18.68912, 1.00000
Run35
cmline4=arbraxbxsr: 6.50000, 18.00759, 6.15065, 18.68912, 1.00000
Run36
cmline4=arbraxbxsr: 6.50000, 18.00759, 6.15065, 18.68912, 1.00000
Run37
cmline4=arbraxbxsr: 6.50000, 18.00759, 6.15065, 18.68912, 1.00000
Run38
cmline4=arbraxbxsr: 6.50000, 18.00759, 6.15065, 18.68912, 1.00000
Run39
cmline4=arbraxbxsr: 6.50000, 18.00759, 6.15065, 18.68912, 1.00000
Run40
cmline4=arbraxbxsr: 6.50000, 18.00759, 6.14845, 18.68912, 1.00000
Run41
cmline4=arbraxbxsr: 6.50000, 18.00759, 6.14845, 18.68912, 1.00000
Run42
cmline4=arbraxbxsr: 6.50000, 18.00759, 6.14694, 18.68912, 1.00000
Run43
cmline4=arbraxbxsr: 6.50000, 18.00759, 6.14694, 18.68912, 1.00000
Run44
cmline4=arbraxbxsr: 6.50000, 18.00759, 5.50119, 18.00885, 1.00000
Run45
cmline4=arbraxbxsr: 6.50000, 18.00759, 6.50119, 18.00885, 0.00000
Run46
cmline4=arbraxbxsr: 6.50000, 18.00759, 6.50119, 18.00885, 0.00000
Run47
cmline4=arbraxbxsr: 6.50000, 18.00759, 6.50119, 18.00885, 0.00000
Run48
cmline4=arbraxbxsr: 6.50000, 18.00759, 6.50119, 18.00885, 0.00000
Run49
cmline4=arbraxbxsr: 6.50000, 18.00759, 6.50272, 18.01046, 0.00000
Run50
cmline4=arbraxbxsr: 6.50000, 18.00759, 5.05782, 17.54177, 1.00000
Run51
cmline4=arbraxbxsr: 6.50000, 18.00759, 5.05782, 17.54177, 1.00000
Run52
cmline4=arbraxbxsr: 6.50000, 18.00759, 5.28232, 17.77827, 1.00000
Run53
Run54
cmline4=arbraxbxsr: 6.50000, 18.00759, 5.50393, 18.01174, 1.00000
Run55
cmline4=arbraxbxsr: 6.50000, 18.00759, 6.14558, 18.68912, 1.00000
Run56
cmline4=arbraxbxsr: 6.50000, 18.00759, 6.14558, 18.68912, 1.00000
Run57
cmline4=arbraxbxsr: 6.50000, 18.00759, 6.14558, 18.68912, 1.00000
Run58
cmline4=arbraxbxsr: 6.50000, 18.00759, 5.93370, 18.46544, 1.00000
Run59
cmline4=arbraxbxsr: 6.50000, 18.00759, 5.71722, 18.23691, 1.00000
Run60
cmline4=arbraxbxsr: 6.50000, 18.00759, 5.50119, 18.00885, 1.00000
Run61
cmline4=arbraxbxsr: 6.50000, 18.00759, 5.50119, 18.00885, 1.00000
Run62
cmline4=arbraxbxsr: 6.50000, 18.00729, 5.50120, 18.00855, 1.00000
Run63
cmline4=arbraxbxsr: 6.50000, 18.00729, 5.50120, 18.00855, 1.00000
Run64
cmline4=arbraxbxsr: 6.50000, 18.00729, 5.50120, 18.00855, 1.00000
Run65
cmline4=arbraxbxsr: 6.50000, 18.00729, 5.50120, 18.00855, 1.00000
Run66
cmline4=arbraxbxsr: 6.50000, 18.00729, 5.50120, 18.00855, 1.00000
Run67
cmline4=arbraxbxsr: 6.50000, 18.00729, 5.50120, 18.00855, 1.00000
Run68
cmline4=arbraxbxsr: 6.50000, 18.00729, 5.38990, 17.89248, 1.00000
Run69
cmline4=arbraxbxsr: 6.50000, 18.00729, 5.38990, 17.89248, 1.00000
Run70
cmline4=arbraxbxsr: 6.50000, 18.00729, 5.38990, 17.89248, 1.00000
Run71
cmline4=arbraxbxsr: 6.50000, 18.00729, 5.38990, 17.89248, 1.00000
Run72
cmline4=arbraxbxsr: 6.50000, 18.00729, 5.38990, 17.89248, 1.00000
Run73
cmline4=arbraxbxsr: 6.50000, 18.00729, 5.38990, 17.89248, 1.00000
Run74
Run75
cmline4=arbraxbxsr: 6.50000, 18.00729, 8.82554, 17.30376, -3.00000
Run76
cmline4=arbraxbxsr: 6.50000, 18.00729, 4.44364, 12.73299, -3.00000
Run77
cmline4=arbraxbxsr: 6.50000, 18.00729, 9.50000, 18.00729, -3.00000
Run78
cmline4=arbraxbxsr: 6.50000, 18.00729, 9.50000, 18.00729, -3.00000
Run79
cmline4=arbraxbxsr: 6.50000, 18.00729, 9.50000, 18.00729, -3.00000
Run80
cmline4=arbraxbxsr: 6.50000, 18.00729, 9.50000, 18.00729, -3.00000
Run81
cmline4=arbraxbxsr: 6.50000, 18.00684, 9.50000, 18.00684, -3.00000
Run82
cmline4=arbraxbxsr: 6.50000, 18.00684, 9.50000, 18.00684, -3.00000
Run83
cmline4=arbraxbxsr: 6.50000, 18.00684, 9.50000, 18.00684, -3.00000
Run84
cmline4=arbraxbxsr: 6.50000, 18.00684, 8.82351, 17.30333, -3.00000
Run85
cmline4=arbraxbxsr: 6.50000, 18.00684, 8.82351, 17.30333, -3.00000
Run86
cmline4=arbraxbxsr: 6.50000, 18.00684, 7.05186, 17.54105, -1.00000
Run87
cmline4=arbraxbxsr: 6.50000, 18.00684, 8.05186, 17.54105, -2.00000
Run88
cmline4=arbraxbxsr: 6.50000, 18.00684, 7.05186, 17.54105, -1.00000
Run89
cmline4=arbraxbxsr: 6.50000, 18.00684, 7.05186, 17.54105, -1.00000
Run90
cmline4=arbraxbxsr: 6.50000, 18.00684, 7.05186, 17.54105, -1.00000
Run91
cmline4=arbraxbxsr: 6.50000, 18.00684, 8.78789, 19.34534, -1.00000
Run92
cmline4=arbraxbxsr: 6.50000, 18.00684, 7.50121, 18.00810, -1.00000
Run93
cmline4=arbraxbxsr: 6.50000, 18.00684, 7.50121, 18.00810, -1.00000
Run94
cmline4=arbraxbxsr: 6.50000, 18.00882, 7.50111, 18.01008, -1.00000
Run95
cmline4=arbraxbxsr: 6.50000, 18.00882, 7.50111, 18.01008, -1.00000
Run96
cmline4=arbraxbxsr: 6.50000, 18.00882, 7.50111, 18.01008, -1.00000
Run97
cmline4=arbraxbxsr: 6.50000, 18.00882, 7.50111, 18.01008, -1.00000
Run98
cmline4=arbraxbxsr: 6.50000, 18.00882, 2.67792, 12.56943, -1.00000
Run99
cmline4=arbraxbxsr: 6.50000, 18.00882, 7.29359, 17.77599, -1.00000
Run100
cmline4=arbraxbxsr: 6.50000, 18.00882, 7.70331, 18.23816, -1.00000
Run101
cmline4=arbraxbxsr: 6.50000, 18.00882, 7.70331, 18.23816, -1.00000
Run102
Run103
cmline4=arbraxbxsr: 6.50000, 18.00882, 14.11561, 25.47019, -1.00000Molecule: 
Run104
cmline4=arbraxbxsr: 6.50000, 18.00882, 7.50111, 18.01008, -1.00000
Run105
cmline4=arbraxbxsr: 6.50000, 18.00882, 7.50111, 18.01008, -1.00000
Run106
cmline4=arbraxbxsr: 6.50000, 18.00882, 7.50111, 18.01008, -1.00000
Run107
cmline4=arbraxbxsr: 6.50000, 18.00882, 7.50111, 18.01008, -1.00000
Run108
cmline4=arbraxbxsr: 6.50000, 18.00882, 7.50111, 18.01008, -1.00000
Run109
cmline4=arbraxbxsr: 6.50000, 18.00882, 7.50111, 18.01008, -1.00000
Run110
cmline4=arbraxbxsr: 6.50000, 18.00882, 7.50111, 18.01008, -1.00000
Run111
cmline4=arbraxbxsr: 6.50000, 18.00882, 7.50111, 18.01008, -1.00000
Run112
cmline4=arbraxbxsr: 6.50000, 18.00882, 7.08695, 17.54297, -1.00000
Run113
cmline4=arbraxbxsr: 6.50000, 18.00882, 7.08545, 17.54297, -1.00000
Run114
cmline4=arbraxbxsr: 6.50000, 18.00882, 7.08545, 17.54297, -1.00000
Run115
cmline4=arbraxbxsr: 6.50000, 18.00882, 2.80616, 12.73407, -1.00000
Run116
cmline4=arbraxbxsr: 6.50000, 18.00882, 7.50000, 18.00882, -1.00000
Run117
cmline4=arbraxbxsr: 6.50000, 18.00884, 7.50000, 18.00884, -1.00000
Run118
cmline4=arbraxbxsr: 6.50000, 18.00884, 7.50000, 18.00884, -1.00000
Run119
cmline4=arbraxbxsr: 6.50000, 18.00884, 7.50000, 18.00884, -1.00000
Run120
cmline4=arbraxbxsr: 6.50000, 18.00584, 7.50000, 18.00584, -1.00000
Run121
cmline4=arbraxbxsr: 6.50000, 18.00584, 7.50000, 18.00584, -1.00000
Run122
cmline4=arbraxbxsr: 6.50000, 18.00689, 7.50000, 18.00689, -1.00000
Run123
cmline4=arbraxbxsr: 6.50000, 18.00689, 7.50000, 18.00689, -1.00000
Run124
cmline4=arbraxbxsr: 6.50000, 18.00689, 7.50000, 18.00689, -1.00000
Run125
cmline4=arbraxbxsr: 6.50000, 18.00689, 6.05051, 17.54109, 0.00000
Run126
cmline4=arbraxbxsr: 6.50000, 18.00689, 6.04914, 17.54109, 0.00000
Run127
cmline4=arbraxbxsr: 6.50000, 18.00689, 4.93539, 17.42356, 1.00000
Run128
cmline4=arbraxbxsr: 6.50000, 18.00689, 4.16407, 17.65983, 2.00000
Run129
cmline4=arbraxbxsr: 6.50000, 18.00689, 6.16438, 17.65983, 0.00000
